2 32 50 0.1 -0.366308079652 1.91808957046 320.099559186
4 32 50 0.1 0.215915159838 0.0659494926375 0.652154453855
8 32 50 0.1 -0.810162508583 0.750957503624 4.17149482666
16 32 50 0.1 0.599832150759 0.343541618982 0.186563280284
32 32 50 0.1 0.340733958953 0.129793240253 0.453383206907
64 32 50 0.1 0.155123216602 -0.00198367284657 0.78166080186
128 32 50 0.1 0.828107118334 0.685893034257 0.0295488955402
256 32 50 0.1 0.963241016251 0.9275959411 0.00135685469339
512 32 50 0.1 0.871076523995 0.758525978485 0.0166274295519
1024 32 50 0.1 0.964339665827 0.929671168078 0.00127948952499
2048 32 50 0.1 0.986251621271 0.972640573739 0.000189285069383
4096 32 50 0.1 1.00016784924 1.0003509575 5.137124235e-08
8192 32 50 0.1 0.999008163577 0.998031586175 1.00411785933e-06
16384 32 50 0.1 0.999984740978 0.999984740978 2.35159021038e-08
32768 32 50 0.1 1.00004577707 1.00010681315 2.53729199294e-08
65536 32 50 0.1 0.999984740978 0.999984740978 2.35159021038e-08
1000 32 1 0.1 0.0154144197757 -0.757076432441 162.321089774
1000 32 2 0.1 -0.00122835126268 -0.976412420844 25.4467481834
1000 32 4 0.1 0.0197271076524 -1.02007891966 3.45929942902
1000 32 8 0.1 -0.0165579308766 -0.997336140993 4.72873255978
1000 32 16 0.1 0.00441754787518 -0.996213321126 3.012414599
1000 32 32 0.1 -8.95399404898e-05 -1.00009314107 3.00000524084
1000 32 64 0.1 3.05180437934e-05 -1.00004577707 3.00000144189
1000 32 128 0.1 -3.05180437934e-05 -0.999984740978 3.00000043585
1000 32 256 0.1 -3.05180437934e-05 -0.999984740978 3.00000043585
1000 32 512 0.1 3.05180437934e-05 -0.999984740978 3.00000023469
1000 32 1024 0.1 -3.05180437934e-05 -0.999984740978 3.00000043585
1000 32 2048 0.1 3.05180437934e-05 -0.999984740978 3.00000023469
1000 32 4096 0.1 3.05180437934e-05 -0.999984740978 3.00000023469
1000 32 8192 0.1 3.05180437934e-05 -1.00004577707 3.00000144189
