1000 4 50 0.1 0.666666666667 0.666666666667 5.04938271605
1000 8 50 0.1 1.2 1.46666666667 0.111111111111
1000 16 50 0.1 0.996078431373 0.996078431373 0.00154121067504
1000 32 50 0.1 0.890608072023 0.792889295796 0.0119752047365
1000 64 50 0.1 0.874999999719 0.765625887832 0.0156250001754
1000 128 50 0.1 1.01673926452 1.03381364664 0.000280504540147
1000 4 50 0.1 0.666666666667 -0.666666666667 155.555555556
1000 8 50 0.1 0.133333333333 -0.933333333333 7.23364295111
1000 16 50 0.1 0.0078431372549 -0.996078431373 3.01540815598
1000 32 50 0.1 -3.05180437934e-05 -0.999984740978 3.00000043585
1000 64 50 0.1 -2.64484118731e-05 -1.00001280411 3.00000066296
1000 128 50 0.1 -0.0015185109342 -1.00354004934 3.00485218505
