1000 32 50 0.0 1.01274714275 1.02569173724 0.000163655583905
1000 32 50 0.01 1.00868928054 1.01740993362 0.000123441389828
1000 32 50 0.05 1.01176470588 1.02342259861 0.000144421660834
1000 32 50 0.1 1.03666742962 1.07469291218 0.00134451876195
1000 32 50 0.15 1.00004577707 0.999984740978 1.14304527772e-06
1000 32 50 0.2 0.934554055085 0.873029678798 0.00429624738444
1000 32 50 0.25 0.999130235752 0.998275730526 7.77522190878e-07
1000 32 50 0.3 1.06071564813 1.12529182879 0.00368942249242
1000 32 50 0.35 1.07426565957 1.15385671778 0.00551899779444
1000 32 50 0.4 0.968734264134 0.938399328603 0.000977764757213
1000 32 50 0.45 1.00590524147 1.01182574197 3.49103432745e-05
1000 32 50 0.5 0.953109025711 0.908186465248 0.00220406956563
1000 32 50 0.55 1.07524223697 1.15629816129 0.00566371354402
1000 32 50 0.6 1.00425726711 1.00859082933 1.84627072761e-05
1000 32 50 0.65 1.03520256352 1.07170214389 0.00123955452027
1000 32 50 0.7 0.936507209888 0.876997024491 0.00403157185441
1000 32 50 0.75 0.995834287022 0.991683833066 1.73536031568e-05
1000 32 50 0.8 1.09318684672 1.19536125734 0.00869301635733
1000 32 50 0.85 0.971663996338 0.944075684749 0.000803234216497
1000 32 50 0.9 1.01676966506 1.03385976959 0.000281375469907
1000 32 50 0.95 0.967757686732 0.937584252689 0.00114560037291
1000 32 50 0.99 1.0156099794 1.0318455787 0.000258259918028
1000 32 50 0.0 0.00462452124819 -1.00795916686 3.07611617306
1000 32 50 0.01 0.00241110856794 -1.00332518502 3.0134228849
1000 32 50 0.05 4.37628747997e-05 -0.999978332189 3.00000106179
1000 32 50 0.1 -3.08842603189e-05 -0.999984740978 3.00000044832
1000 32 50 0.15 -3.05180437934e-05 -0.999984740978 3.00000043585
1000 32 50 0.2 3.05180437934e-05 -0.999984740978 3.00000023469
1000 32 50 0.25 -3.05180437934e-05 -0.999984740978 3.00000043585
1000 32 50 0.3 3.05180437934e-05 -0.999984740978 3.00000023469
1000 32 50 0.35 -3.05180437934e-05 -1.00004577707 3.00000083825
1000 32 50 0.4 3.05180437934e-05 -1.00004577707 3.00000144189
1000 32 50 0.45 3.05180437934e-05 -0.999984740978 3.00000023469
1000 32 50 0.5 3.05180437934e-05 -1.00004577707 3.00000144189
1000 32 50 0.55 -3.05180437934e-05 -0.999984740978 3.00000043585
1000 32 50 0.6 -3.05180437934e-05 -0.999984740978 3.00000043585
1000 32 50 0.65 -3.05180437934e-05 -0.999984740978 3.00000043585
1000 32 50 0.7 3.05180437934e-05 -0.999984740978 3.00000023469
1000 32 50 0.75 3.05180437934e-05 -0.999923704891 3.00000224625
1000 32 50 0.8 3.05180437934e-05 -1.00004577707 3.00000144189
1000 32 50 0.85 -3.05180437934e-05 -0.999984740978 3.00000043585
1000 32 50 0.9 -3.05180437934e-05 -1.00004577707 3.00000083825
1000 32 50 0.95 -3.05180437934e-05 -0.999984740978 3.00000043585
1000 32 50 0.99 -0.00202639810788 -0.999145372702 3.01191221436
