2 32 50 0.1 0.865339131762 -1.05174334325 4660.23373869
4 32 50 0.1 -0.093354695964 -1.22050812543 69.6472583249
8 32 50 0.1 -0.158907454032 -0.743694209201 31.8007963766
16 32 50 0.1 -0.00936903944457 -0.969283588922 3.47121636125
32 32 50 0.1 -0.141023880369 -0.997726405737 9.68659697389
64 32 50 0.1 -0.0953688868544 -1.0151216907 5.42861502048
256 32 50 0.1 -3.05180437934e-05 -1.00004577707 3.00000083825
2 32 50 0.1 1.91430533303 -0.0226749065385 1361.60441816
4 32 50 0.1 0.985458152132 -0.0677805752651 581.988558749
8 32 50 0.1 -0.154085603113 -0.796246280613 21.762019583
16 32 50 0.1 0.51963073167 -0.66050202182 49.8302212035
32 32 50 0.1 -0.188143739986 -0.917830167086 17.9752832345
64 32 50 0.1 0.0558175020981 -0.937483787289 4.70721831569
128 32 50 0.1 0.0314030670634 -0.984176394293 3.24380976095
256 32 50 0.1 -0.000109674219883 -1.00006103609 3.00000481495
512 32 50 0.1 3.05180437934e-05 -0.999984740978 3.00000023469
1024 32 50 0.1 -0.000729691195544 -1.00155403601 3.01204066387
2048 32 50 0.1 -3.05180437934e-05 -1.00004577707 3.00000083825
4096 32 50 0.1 3.05180437934e-05 -0.999984740978 3.00000023469
8192 32 50 0.1 -3.05180437934e-05 -0.999984740978 3.00000043585
