1000 32 1 0.1 0.77459250782 0.855823056382 5.15020128604
1000 32 2 0.1 1.06032520027 1.12209787137 0.0537381284488
1000 32 4 0.1 1.07552184329 1.15958873884 0.00671947787508
1000 32 8 0.1 0.98018799115 0.96163057908 0.000500995005335
1000 32 16 0.1 0.999984740978 1.00004577707 5.82323657988e-07
1000 32 32 0.1 0.957015335317 0.915877012284 0.0018476815774
1000 32 64 0.1 1.00407415885 1.00816357671 1.65989497984e-05
1000 32 128 0.1 0.992111085679 0.984237430381 6.24556431197e-05
1000 32 256 0.1 0.886701762417 0.786236362249 0.012836491974
1000 32 512 0.1 0.968734264134 0.938460364691 0.000977566660199
1000 32 1024 0.1 0.985580224308 0.9713588159 0.000207939075439
